Expanded 1617 nodes.
88,80,1,0,0,0
87,79,0,1,1,1
88,79,1,0,1,0
86,79,0,2,1,1
87,79,1,1,1,0
85,79,0,3,1,1
86,79,1,2,1,0
85,78,0,3,2,1
86,78,1,2,2,0
84,78,0,4,2,1
85,78,1,3,2,0
84,77,0,4,3,1
85,77,1,3,3,0
83,77,0,5,3,1
84,77,1,4,3,0
83,76,0,5,4,1
84,76,1,4,4,0
82,76,0,6,4,1
83,76,1,5,4,0
82,75,0,6,5,1
83,75,1,5,5,0
81,75,0,7,5,1
82,75,1,6,5,0
81,74,0,7,6,1
82,74,1,6,6,0
80,74,0,8,6,1
81,74,1,7,6,0
80,73,0,8,7,1
81,73,1,7,7,0
79,73,0,9,7,1
80,73,1,8,7,0
79,72,0,9,8,1
80,72,1,8,8,0
78,72,0,10,8,1
79,72,1,9,8,0
78,71,0,10,9,1
79,71,1,9,9,0
77,71,0,11,9,1
78,71,1,10,9,0
77,70,0,11,10,1
78,70,1,10,10,0
76,70,0,12,10,1
77,70,1,11,10,0
76,69,0,12,11,1
77,69,1,11,11,0
75,69,0,13,11,1
76,69,1,12,11,0
75,68,0,13,12,1
76,68,1,12,12,0
74,68,0,14,12,1
75,68,1,13,12,0
74,67,0,14,13,1
75,67,1,13,13,0
73,67,0,15,13,1
74,67,1,14,13,0
73,66,0,15,14,1
74,66,1,14,14,0
72,66,0,16,14,1
73,66,1,15,14,0
72,65,0,16,15,1
73,65,1,15,15,0
71,65,0,17,15,1
72,65,1,16,15,0
71,64,0,17,16,1
72,64,1,16,16,0
70,64,0,18,16,1
71,64,1,17,16,0
70,63,0,18,17,1
71,63,1,17,17,0
69,63,0,19,17,1
70,63,1,18,17,0
69,62,0,19,18,1
70,62,1,18,18,0
68,62,0,20,18,1
69,62,1,19,18,0
68,61,0,20,19,1
69,61,1,19,19,0
67,61,0,21,19,1
68,61,1,20,19,0
67,60,0,21,20,1
68,60,1,20,20,0
66,60,0,22,20,1
67,60,1,21,20,0
66,59,0,22,21,1
67,59,1,21,21,0
65,59,0,23,21,1
66,59,1,22,21,0
65,58,0,23,22,1
66,58,1,22,22,0
64,58,0,24,22,1
65,58,1,23,22,0
64,57,0,24,23,1
65,57,1,23,23,0
63,57,0,25,23,1
64,57,1,24,23,0
63,56,0,25,24,1
64,56,1,24,24,0
62,56,0,26,24,1
63,56,1,25,24,0
62,55,0,26,25,1
63,55,1,25,25,0
61,55,0,27,25,1
62,55,1,26,25,0
61,54,0,27,26,1
62,54,1,26,26,0
60,54,0,28,26,1
61,54,1,27,26,0
60,53,0,28,27,1
61,53,1,27,27,0
59,53,0,29,27,1
60,53,1,28,27,0
59,52,0,29,28,1
60,52,1,28,28,0
58,52,0,30,28,1
59,52,1,29,28,0
58,51,0,30,29,1
59,51,1,29,29,0
57,51,0,31,29,1
58,51,1,30,29,0
57,50,0,31,30,1
58,50,1,30,30,0
56,50,0,32,30,1
57,50,1,31,30,0
56,49,0,32,31,1
57,49,1,31,31,0
55,49,0,33,31,1
56,49,1,32,31,0
55,48,0,33,32,1
56,48,1,32,32,0
54,48,0,34,32,1
55,48,1,33,32,0
54,47,0,34,33,1
55,47,1,33,33,0
53,47,0,35,33,1
54,47,1,34,33,0
53,46,0,35,34,1
54,46,1,34,34,0
52,46,0,36,34,1
53,46,1,35,34,0
52,45,0,36,35,1
53,45,1,35,35,0
51,45,0,37,35,1
52,45,1,36,35,0
51,44,0,37,36,1
52,44,1,36,36,0
50,44,0,38,36,1
51,44,1,37,36,0
50,43,0,38,37,1
51,43,1,37,37,0
49,43,0,39,37,1
50,43,1,38,37,0
49,42,0,39,38,1
50,42,1,38,38,0
48,42,0,40,38,1
49,42,1,39,38,0
48,41,0,40,39,1
49,41,1,39,39,0
47,41,0,41,39,1
48,41,1,40,39,0
47,40,0,41,40,1
48,40,1,40,40,0
46,40,0,42,40,1
47,40,1,41,40,0
46,39,0,42,41,1
47,39,1,41,41,0
45,39,0,43,41,1
46,39,1,42,41,0
45,38,0,43,42,1
46,38,1,42,42,0
44,38,0,44,42,1
45,38,1,43,42,0
44,37,0,44,43,1
45,37,1,43,43,0
43,37,0,45,43,1
44,37,1,44,43,0
43,36,0,45,44,1
44,36,1,44,44,0
42,36,0,46,44,1
43,36,1,45,44,0
42,35,0,46,45,1
43,35,1,45,45,0
41,35,0,47,45,1
42,35,1,46,45,0
41,34,0,47,46,1
42,34,1,46,46,0
40,34,0,48,46,1
41,34,1,47,46,0
40,33,0,48,47,1
41,33,1,47,47,0
39,33,0,49,47,1
40,33,1,48,47,0
39,32,0,49,48,1
40,32,1,48,48,0
38,32,0,50,48,1
39,32,1,49,48,0
38,31,0,50,49,1
39,31,1,49,49,0
37,31,0,51,49,1
38,31,1,50,49,0
37,30,0,51,50,1
38,30,1,50,50,0
36,30,0,52,50,1
37,30,1,51,50,0
36,29,0,52,51,1
37,29,1,51,51,0
35,29,0,53,51,1
36,29,1,52,51,0
35,28,0,53,52,1
36,28,1,52,52,0
34,28,0,54,52,1
35,28,1,53,52,0
34,27,0,54,53,1
35,27,1,53,53,0
33,27,0,55,53,1
34,27,1,54,53,0
33,26,0,55,54,1
34,26,1,54,54,0
32,26,0,56,54,1
33,26,1,55,54,0
32,25,0,56,55,1
33,25,1,55,55,0
31,25,0,57,55,1
32,25,1,56,55,0
31,24,0,57,56,1
32,24,1,56,56,0
30,24,0,58,56,1
31,24,1,57,56,0
30,23,0,58,57,1
31,23,1,57,57,0
29,23,0,59,57,1
30,23,1,58,57,0
29,22,0,59,58,1
30,22,1,58,58,0
28,22,0,60,58,1
29,22,1,59,58,0
28,21,0,60,59,1
29,21,1,59,59,0
27,21,0,61,59,1
28,21,1,60,59,0
27,20,0,61,60,1
28,20,1,60,60,0
26,20,0,62,60,1
27,20,1,61,60,0
26,19,0,62,61,1
27,19,1,61,61,0
25,19,0,63,61,1
26,19,1,62,61,0
25,18,0,63,62,1
26,18,1,62,62,0
24,18,0,64,62,1
25,18,1,63,62,0
24,17,0,64,63,1
25,17,1,63,63,0
23,17,0,65,63,1
24,17,1,64,63,0
23,16,0,65,64,1
24,16,1,64,64,0
22,16,0,66,64,1
23,16,1,65,64,0
22,15,0,66,65,1
23,15,1,65,65,0
21,15,0,67,65,1
22,15,1,66,65,0
21,14,0,67,66,1
22,14,1,66,66,0
20,14,0,68,66,1
21,14,1,67,66,0
20,13,0,68,67,1
21,13,1,67,67,0
19,13,0,69,67,1
20,13,1,68,67,0
19,12,0,69,68,1
20,12,1,68,68,0
18,12,0,70,68,1
19,12,1,69,68,0
18,11,0,70,69,1
19,11,1,69,69,0
17,11,0,71,69,1
18,11,1,70,69,0
17,10,0,71,70,1
18,10,1,70,70,0
16,10,0,72,70,1
17,10,1,71,70,0
16,9,0,72,71,1
17,9,1,71,71,0
15,9,0,73,71,1
16,9,1,72,71,0
15,8,0,73,72,1
16,8,1,72,72,0
14,8,0,74,72,1
15,8,1,73,72,0
14,7,0,74,73,1
15,7,1,73,73,0
13,7,0,75,73,1
14,7,1,74,73,0
13,6,0,75,74,1
14,6,1,74,74,0
12,6,0,76,74,1
13,6,1,75,74,0
12,5,0,76,75,1
13,5,1,75,75,0
11,5,0,77,75,1
12,5,1,76,75,0
11,4,0,77,76,1
12,4,1,76,76,0
10,4,0,78,76,1
11,4,1,77,76,0
10,3,0,78,77,1
11,3,1,77,77,0
9,3,0,79,77,1
10,3,1,78,77,0
9,2,0,79,78,1
10,2,1,78,78,0
8,2,0,80,78,1
9,2,1,79,78,0
8,1,0,80,79,1
9,1,1,79,79,0
7,1,0,81,79,1
8,1,1,80,79,0
7,0,0,81,80,1
8,0,1,80,80,0
6,0,0,82,80,1
7,0,1,81,80,0
5,0,0,83,80,1
6,0,1,82,80,0
4,0,0,84,80,1
5,0,1,83,80,0
3,0,0,85,80,1
4,0,1,84,80,0
2,0,0,86,80,1
3,0,1,85,80,0
1,0,0,87,80,1
2,0,1,86,80,0
0,0,0,88,80,1
