Expanded 733 nodes.
88,80,1,0,0,0
88,78,0,0,2,1
88,79,1,0,1,0
88,77,0,0,3,1
88,78,1,0,2,0
86,78,0,2,2,1
86,80,1,2,0,0
85,79,0,3,1,1
85,80,1,3,0,0
85,78,0,3,2,1
85,79,1,3,1,0
85,77,0,3,3,1
85,78,1,3,2,0
83,78,0,5,2,1
83,80,1,5,0,0
82,79,0,6,1,1
82,80,1,6,0,0
82,78,0,6,2,1
82,79,1,6,1,0
82,77,0,6,3,1
82,78,1,6,2,0
82,76,0,6,4,1
82,77,1,6,3,0
82,75,0,6,5,1
82,76,1,6,4,0
82,74,0,6,6,1
82,75,1,6,5,0
81,74,0,7,6,1
81,76,1,7,4,0
79,76,0,9,4,1
79,78,1,9,2,0
78,77,0,10,3,1
78,78,1,10,2,0
78,76,0,10,4,1
78,77,1,10,3,0
78,75,0,10,5,1
78,76,1,10,4,0
78,74,0,10,6,1
78,75,1,10,5,0
78,73,0,10,7,1
78,74,1,10,6,0
78,72,0,10,8,1
78,73,1,10,7,0
78,71,0,10,9,1
78,72,1,10,8,0
78,70,0,10,10,1
78,71,1,10,9,0
77,70,0,11,10,1
77,72,1,11,8,0
75,72,0,13,8,1
75,74,1,13,6,0
74,73,0,14,7,1
74,74,1,14,6,0
74,72,0,14,8,1
74,73,1,14,7,0
74,71,0,14,9,1
74,72,1,14,8,0
74,70,0,14,10,1
74,71,1,14,9,0
74,69,0,14,11,1
74,70,1,14,10,0
74,68,0,14,12,1
74,69,1,14,11,0
74,67,0,14,13,1
74,68,1,14,12,0
74,66,0,14,14,1
74,67,1,14,13,0
73,66,0,15,14,1
73,68,1,15,12,0
71,68,0,17,12,1
71,70,1,17,10,0
70,69,0,18,11,1
70,70,1,18,10,0
70,68,0,18,12,1
70,69,1,18,11,0
70,67,0,18,13,1
70,68,1,18,12,0
70,66,0,18,14,1
70,67,1,18,13,0
70,65,0,18,15,1
70,66,1,18,14,0
70,64,0,18,16,1
70,65,1,18,15,0
70,63,0,18,17,1
70,64,1,18,16,0
70,62,0,18,18,1
70,63,1,18,17,0
69,62,0,19,18,1
69,64,1,19,16,0
67,64,0,21,16,1
67,66,1,21,14,0
66,65,0,22,15,1
66,66,1,22,14,0
66,64,0,22,16,1
66,65,1,22,15,0
66,63,0,22,17,1
66,64,1,22,16,0
66,62,0,22,18,1
66,63,1,22,17,0
66,61,0,22,19,1
66,62,1,22,18,0
66,60,0,22,20,1
66,61,1,22,19,0
66,59,0,22,21,1
66,60,1,22,20,0
66,58,0,22,22,1
66,59,1,22,21,0
65,58,0,23,22,1
65,60,1,23,20,0
63,60,0,25,20,1
63,62,1,25,18,0
62,61,0,26,19,1
62,62,1,26,18,0
62,60,0,26,20,1
62,61,1,26,19,0
62,59,0,26,21,1
62,60,1,26,20,0
62,58,0,26,22,1
62,59,1,26,21,0
62,57,0,26,23,1
62,58,1,26,22,0
62,56,0,26,24,1
62,57,1,26,23,0
62,55,0,26,25,1
62,56,1,26,24,0
62,54,0,26,26,1
62,55,1,26,25,0
61,54,0,27,26,1
61,56,1,27,24,0
59,56,0,29,24,1
59,58,1,29,22,0
58,57,0,30,23,1
58,58,1,30,22,0
58,56,0,30,24,1
58,57,1,30,23,0
58,55,0,30,25,1
58,56,1,30,24,0
58,54,0,30,26,1
58,55,1,30,25,0
58,53,0,30,27,1
58,54,1,30,26,0
58,52,0,30,28,1
58,53,1,30,27,0
58,51,0,30,29,1
58,52,1,30,28,0
58,50,0,30,30,1
58,51,1,30,29,0
57,50,0,31,30,1
57,52,1,31,28,0
55,52,0,33,28,1
55,54,1,33,26,0
54,53,0,34,27,1
54,54,1,34,26,0
54,52,0,34,28,1
54,53,1,34,27,0
54,51,0,34,29,1
54,52,1,34,28,0
54,50,0,34,30,1
54,51,1,34,29,0
54,49,0,34,31,1
54,50,1,34,30,0
54,48,0,34,32,1
54,49,1,34,31,0
54,47,0,34,33,1
54,48,1,34,32,0
54,46,0,34,34,1
54,47,1,34,33,0
53,46,0,35,34,1
53,48,1,35,32,0
51,48,0,37,32,1
51,50,1,37,30,0
50,49,0,38,31,1
50,50,1,38,30,0
50,48,0,38,32,1
50,49,1,38,31,0
50,47,0,38,33,1
50,48,1,38,32,0
50,46,0,38,34,1
50,47,1,38,33,0
50,45,0,38,35,1
50,46,1,38,34,0
50,44,0,38,36,1
50,45,1,38,35,0
50,43,0,38,37,1
50,44,1,38,36,0
50,42,0,38,38,1
50,43,1,38,37,0
49,42,0,39,38,1
49,44,1,39,36,0
47,44,0,41,36,1
47,46,1,41,34,0
46,45,0,42,35,1
46,46,1,42,34,0
46,44,0,42,36,1
46,45,1,42,35,0
46,43,0,42,37,1
46,44,1,42,36,0
46,42,0,42,38,1
46,43,1,42,37,0
46,41,0,42,39,1
46,42,1,42,38,0
46,40,0,42,40,1
46,41,1,42,39,0
46,39,0,42,41,1
46,40,1,42,40,0
46,38,0,42,42,1
46,39,1,42,41,0
45,38,0,43,42,1
45,40,1,43,40,0
43,40,0,45,40,1
43,42,1,45,38,0
42,41,0,46,39,1
42,42,1,46,38,0
42,40,0,46,40,1
42,41,1,46,39,0
42,39,0,46,41,1
42,40,1,46,40,0
42,38,0,46,42,1
42,39,1,46,41,0
42,37,0,46,43,1
42,38,1,46,42,0
42,36,0,46,44,1
42,37,1,46,43,0
42,35,0,46,45,1
42,36,1,46,44,0
42,34,0,46,46,1
42,35,1,46,45,0
41,34,0,47,46,1
41,36,1,47,44,0
39,36,0,49,44,1
39,38,1,49,42,0
38,37,0,50,43,1
38,38,1,50,42,0
38,36,0,50,44,1
38,37,1,50,43,0
38,35,0,50,45,1
38,36,1,50,44,0
38,34,0,50,46,1
38,35,1,50,45,0
38,33,0,50,47,1
38,34,1,50,46,0
38,32,0,50,48,1
38,33,1,50,47,0
38,31,0,50,49,1
38,32,1,50,48,0
38,30,0,50,50,1
38,31,1,50,49,0
37,30,0,51,50,1
37,32,1,51,48,0
35,32,0,53,48,1
35,34,1,53,46,0
34,33,0,54,47,1
34,34,1,54,46,0
34,32,0,54,48,1
34,33,1,54,47,0
34,31,0,54,49,1
34,32,1,54,48,0
34,30,0,54,50,1
34,31,1,54,49,0
34,29,0,54,51,1
34,30,1,54,50,0
34,28,0,54,52,1
34,29,1,54,51,0
34,27,0,54,53,1
34,28,1,54,52,0
34,26,0,54,54,1
34,27,1,54,53,0
33,26,0,55,54,1
33,28,1,55,52,0
31,28,0,57,52,1
31,30,1,57,50,0
30,29,0,58,51,1
30,30,1,58,50,0
30,28,0,58,52,1
30,29,1,58,51,0
30,27,0,58,53,1
30,28,1,58,52,0
30,26,0,58,54,1
30,27,1,58,53,0
30,25,0,58,55,1
30,26,1,58,54,0
30,24,0,58,56,1
30,25,1,58,55,0
30,23,0,58,57,1
30,24,1,58,56,0
30,22,0,58,58,1
30,23,1,58,57,0
29,22,0,59,58,1
29,24,1,59,56,0
27,24,0,61,56,1
27,26,1,61,54,0
26,25,0,62,55,1
26,26,1,62,54,0
26,24,0,62,56,1
26,25,1,62,55,0
26,23,0,62,57,1
26,24,1,62,56,0
26,22,0,62,58,1
26,23,1,62,57,0
26,21,0,62,59,1
26,22,1,62,58,0
26,20,0,62,60,1
26,21,1,62,59,0
26,19,0,62,61,1
26,20,1,62,60,0
26,18,0,62,62,1
26,19,1,62,61,0
25,18,0,63,62,1
25,20,1,63,60,0
23,20,0,65,60,1
23,22,1,65,58,0
22,21,0,66,59,1
22,22,1,66,58,0
22,20,0,66,60,1
22,21,1,66,59,0
22,19,0,66,61,1
22,20,1,66,60,0
22,18,0,66,62,1
22,19,1,66,61,0
22,17,0,66,63,1
22,18,1,66,62,0
22,16,0,66,64,1
22,17,1,66,63,0
22,15,0,66,65,1
22,16,1,66,64,0
22,14,0,66,66,1
22,15,1,66,65,0
21,14,0,67,66,1
21,16,1,67,64,0
19,16,0,69,64,1
19,18,1,69,62,0
18,17,0,70,63,1
18,18,1,70,62,0
18,16,0,70,64,1
18,17,1,70,63,0
18,15,0,70,65,1
18,16,1,70,64,0
18,14,0,70,66,1
18,15,1,70,65,0
18,13,0,70,67,1
18,14,1,70,66,0
18,12,0,70,68,1
18,13,1,70,67,0
18,11,0,70,69,1
18,12,1,70,68,0
18,10,0,70,70,1
18,11,1,70,69,0
17,10,0,71,70,1
17,12,1,71,68,0
15,12,0,73,68,1
15,14,1,73,66,0
14,13,0,74,67,1
14,14,1,74,66,0
14,12,0,74,68,1
14,13,1,74,67,0
14,11,0,74,69,1
14,12,1,74,68,0
14,10,0,74,70,1
14,11,1,74,69,0
14,9,0,74,71,1
14,10,1,74,70,0
14,8,0,74,72,1
14,9,1,74,71,0
14,7,0,74,73,1
14,8,1,74,72,0
14,6,0,74,74,1
14,7,1,74,73,0
13,6,0,75,74,1
13,8,1,75,72,0
11,8,0,77,72,1
11,10,1,77,70,0
10,9,0,78,71,1
10,10,1,78,70,0
10,8,0,78,72,1
10,9,1,78,71,0
10,7,0,78,73,1
10,8,1,78,72,0
10,6,0,78,74,1
10,7,1,78,73,0
10,5,0,78,75,1
10,6,1,78,74,0
10,4,0,78,76,1
10,5,1,78,75,0
10,3,0,78,77,1
10,4,1,78,76,0
10,2,0,78,78,1
10,3,1,78,77,0
9,2,0,79,78,1
9,4,1,79,76,0
7,4,0,81,76,1
7,6,1,81,74,0
6,5,0,82,75,1
6,6,1,82,74,0
6,4,0,82,76,1
6,5,1,82,75,0
6,3,0,82,77,1
6,4,1,82,76,0
6,2,0,82,78,1
6,3,1,82,77,0
6,1,0,82,79,1
6,2,1,82,78,0
6,0,0,82,80,1
6,1,1,82,79,0
4,1,0,84,79,1
4,3,1,84,77,0
3,2,0,85,78,1
3,3,1,85,77,0
3,1,0,85,79,1
3,2,1,85,78,0
3,0,0,85,80,1
3,1,1,85,79,0
2,0,0,86,80,1
2,2,1,86,78,0
0,2,0,88,78,1
0,3,1,88,77,0
0,1,0,88,79,1
0,2,1,88,78,0
0,0,0,88,80,1
